0	15	  8724	1685695969	1685705436	1685705438	
1	sourcetype::splunk_python	249	1685696449	1685705432	1685705432	
2	sourcetype::splunk_btool	256	1685696028	1685705417	1685705417	
3	sourcetype::splunkd	  6375	1685695969	1685705436	1685705437	
4	sourcetype::splunkd_access	728	1685696441	1685705423	1685705425	
5	sourcetype::splunkd_conf	  1	1685696431	1685696431	1685696459	
6	sourcetype::mongod	233	1685695969	1685705436	1685705438	
7	sourcetype::scheduler	 12	1685696439	1685705436	1685705437	
8	sourcetype::splunkd_ui_access	381	1685696460	1685696801	1685696802	
9	sourcetype::splunkd_stderr	  3	1685696100	1685705431	1685705431	
10	sourcetype::secure_gateway_app_internal_log	 34	1685696104	1685705379	1685705379	
11	sourcetype::splunk_assist_internal_log	137	1685696447	1685705432	1685705432	
12	sourcetype::splunk_web_service	268	1685696449	1685705432	1685705434	
13	sourcetype::splunk_web_access	 38	1685696460	1685696624	1685696627	
14	sourcetype::splunk_search_messages	  8	1685696612	1685696702	1685696705	
15	sourcetype::splunk_archiver-too_small	  1	1685705041	1685705041	1685705041	
