0	13	  1625	1683643036	1683643159	1683643161	
1	sourcetype::splunk_python	 13	1683643155	1683643159	1683643159	
2	sourcetype::splunk_btool	 12	1683643099	1683643144	1683643156	
3	sourcetype::splunkd	  1115	1683643037	1683643159	1683643159	
4	sourcetype::splunkd_access	 25	1683643152	1683643159	1683643160	
5	sourcetype::splunkd_conf	  1	1683643147	1683643147	1683643157	
6	sourcetype::mongod	224	1683643036	1683643151	1683643157	
7	sourcetype::scheduler	  4	1683643039	1683643150	1683643158	
8	sourcetype::splunkd_stderr	  2	1683643097	1683643137	1683643158	
9	sourcetype::secure_gateway_app_internal_log	  8	1683643099	1683643156	1683643158	
10	sourcetype::splunk_assist_internal_log	  2	1683643155	1683643155	1683643158	
11	sourcetype::splunk_web_service	217	1683643155	1683643159	1683643161	
12	sourcetype::splunk_web_access	  1	1683643159	1683643159	1683643159	
13	sourcetype::splunkd_ui_access	  1	1683643159	1683643159	1683643159	
