0	13	  1502	1683720285	1683720558	1683720558	
1	sourcetype::splunk_btool	  6	1683720531	1683720531	1683720552	
2	sourcetype::splunkd	869	1683720285	1683720557	1683720558	
3	sourcetype::splunkd_access	 25	1683720551	1683720557	1683720558	
4	sourcetype::splunkd_conf	  1	1683720546	1683720546	1683720553	
5	sourcetype::mongod	160	1683720546	1683720551	1683720553	
6	sourcetype::scheduler	  2	1683720550	1683720550	1683720553	
7	sourcetype::splunkd_stderr	  1	1683720535	1683720535	1683720553	
8	sourcetype::secure_gateway_app_internal_log	  6	1683720537	1683720553	1683720553	
9	sourcetype::splunk_assist_internal_log	  4	1683720553	1683720558	1683720558	
10	sourcetype::splunk_python	209	1683720555	1683720557	1683720558	
11	sourcetype::splunk_web_service	217	1683720555	1683720557	1683720558	
12	sourcetype::splunk_web_access	  1	1683720557	1683720557	1683720557	
13	sourcetype::splunkd_ui_access	  1	1683720557	1683720557	1683720557	
