0	13	  1564	1683720009	1683720046	1683720046	
1	sourcetype::splunk_btool	 12	1683720014	1683720044	1683720045	
2	sourcetype::splunkd	885	1683720009	1683720044	1683720045	
3	sourcetype::splunkd_access	 38	1683720028	1683720044	1683720045	
4	sourcetype::splunkd_conf	  1	1683720022	1683720022	1683720031	
5	sourcetype::mongod	178	1683720022	1683720027	1683720032	
6	sourcetype::scheduler	  2	1683720026	1683720026	1683720032	
7	sourcetype::splunkd_stderr	  2	1683720011	1683720046	1683720046	
8	sourcetype::secure_gateway_app_internal_log	  6	1683720013	1683720032	1683720032	
9	sourcetype::splunk_assist_internal_log	  6	1683720031	1683720042	1683720042	
10	sourcetype::splunk_web_service	221	1683720032	1683720046	1683720046	
11	sourcetype::splunk_python	211	1683720032	1683720046	1683720046	
12	sourcetype::splunk_web_access	  1	1683720034	1683720034	1683720034	
13	sourcetype::splunkd_ui_access	  1	1683720034	1683720034	1683720034	
